# hostname line col size0 size1 size2
n1   2  3 3 16 6
n2   3  3 3 16 6
n3   4  3 3 16 6
n4   5  3 3 16 6
n5   6  3 3 16 6
n6   7  3 3 16 6
n7   8  3 3 16 6
n8   9  3 3 16 6
n9  10  3 3 16 6
n10 11  3 3 16 6
n11 12  3 3 16 6
n12 13  3 3 16 6
n13 14  3 3 16 6
n14 15  3 3 16 6
n15 16  3 3 16 6
n16 17  3 3 16 6
n17 18  3 3 16 6
n18 19  3 3 16 6
n19 20  3 3 16 6
n20 21  3 3 16 6
n21  2 34 3 16 6
n22  3 34 3 16 6
n23  4 34 3 16 6
n24  5 34 3 16 6
n25  6 34 3 16 6
n26  7 34 3 16 6
n27  8 34 3 16 6
n28  9 34 3 16 6
n29 10 34 3 16 6
n30 11 34 3 16 6
n31 12 34 3 16 6
n32 13 34 3 16 6
n33 14 34 3 16 6
n34 15 34 3 16 6
n35 16 34 3 16 6
n36 17 34 3 16 6
n37 18 34 3 16 6
n38 19 34 3 16 6
n39 20 34 3 16 6
n40 21 34 3 16 6
n41  2 65 3 16 6
n42  3 65 3 16 6
n43  4 65 3 16 6
n44  5 65 3 16 6
n45  6 65 3 16 6
n46  7 65 3 16 6
n47  8 65 3 16 6
n48  9 65 3 16 6
n49 10 65 3 16 6
n50 11 65 3 16 6
n51 12 65 3 16 6
rna2a 23 3 5 38 13 /extdata3a
rna2b 24 3 5 38 13 /extdata3b
rna2 24 65 4 15 6